"{""eta+"", ""sigma-eta"", ""IFR"", ""sigma-ifr"", ""fa"", ""fs"", ""fd"", ""taud"", ""s/fa"", ""s/ifr"", ""s/eta"", ""s/fd"", ""s/fs"", ""Dt-tab"", ""nd"", ""ns"", ""UF"", ""pop""}","","","","","","","","","","","","","","","",""
"AC",5.561993272437778,1.2709991584852969,0.007133342829505023,0.0017066994310833213,0.05870295173536041,0.010554301103933439,0.00041874827983221256,10.5,0.22649968369462553,0.2392566110833829,0.228515047794768,0.07708189951823813,0.030282343946261787,20.,207.57142857142858,5231.714285714285
"AL",15.950269178462358,3.1622399562209944,0.003947989209946149,0.000767217225814098,0.09732638136426293,0.006101864506191701,0.000384243503469214,12.,0.1929959763910128,0.1943311354249023,0.19825621253407846,0.022740784780023834,0.04536605454783702,430.,480.57142857142856,7631.571428571428
"AM",14.039394859073626,2.32424722861549,0.005501349855959163,0.000904925308817117,0.1361950032884642,0.00970091693093465,0.0007492563617233502,15.,0.16422482073462724,0.16449150345108215,0.16555180988540505,0.009362850115051991,0.02091913026425453,1566.,1800.4285714285713,23310.85714285714
"AP",12.44491888621567,2.1445684552582547,0.0028041384249370667,0.0004938234593293006,0.13797312135376052,0.011086703144894202,0.0003868957311965848,13.,0.17125219584920265,0.17610523608169718,0.17232482387921685,0.041057759220598455,0.01919714410607593,58.,205.28571428571428,5882.571428571428
"BA",12.051369291041546,3.6456306935947533,0.004428034762693067,0.0013268084058814713,0.04096247357226817,0.0033989891590757125,0.0001813832569438995,14.,0.298138733698639,0.2996382090448011,0.3025075910921387,0.029939134726106292,0.05122634221707228,782.,868.4285714285714,16273.714285714286
"CE",14.883657662391222,2.3982203343599355,0.007484415792099254,0.0011957270140383754,0.13101693910261544,0.00880273801470694,0.0009805852480521213,16.,0.1592427677131064,0.15976223759516625,0.1611311136522496,0.012872975277067312,0.024596274471631135,2367.,3351.4285714285716,30085.85714285714
"DF",1.4592197276503154,1.5875423249653762,0.018706490123534623,0.020326787525463557,0.0063494786356285155,0.004351283439576752,0.00011877645938697893,15.,1.085648191856252,1.0866168581721507,1.087939187555866,0.045871559633027574,0.07056684305655363,292.,358.14285714285717,13120.285714285714
"ES",3.117075056963067,1.263555532453932,0.019325174835635783,0.007787404745744025,0.015480955958624584,0.004966500862416677,0.0002991721805231977,15.,0.40109280180083073,0.40296684568069135,0.4053657705903947,0.03881807647740441,0.05870240463476761,489.,246.57142857142858,4093.285714285714
"GO",4.153190005725612,3.2580028789862157,0.011333966039234544,0.008881727800491217,0.0044138483474961115,0.0010627609961044772,0.00005002640727285243,14.,0.7826503604184021,0.7836381165909209,0.7844579406419435,0.039333333333333324,0.05322287077135505,203.,107.14285714285714,2276.1428571428573
"MA",8.726374651003066,1.6513606879251719,0.007326184069909076,0.0013775066194092044,0.06806597083041412,0.007800028482915316,0.0004986638312006758,13.,0.18692453578161342,0.1880251173413802,0.1892378856018236,0.02031410037555485,0.029499072356215156,457.,836.8571428571429,13090.
"MG",4.945205084421345,2.289186448217155,0.007848742163201208,0.00363249013748865,0.004709535080734876,0.0009523437350598686,0.00003696392655723903,13.,0.46068241616356226,0.4628117553051448,0.4629103159803574,0.044344473007712125,0.04536157050562496,415.,222.28571428571428,5727.
"MS",6.878343405399089,6.650334968203108,0.0031203829724991434,0.0030447867430398053,0.004465200712585443,0.0006491680408222315,0.000013933136272342655,16.,0.963517717775531,0.9757734130311599,0.9668512570894602,0.15416666666666667,0.08021820783401892,29.,17.142857142857142,798.7142857142857
"MT",7.9483567718398325,4.404430290695544,0.01084863400505893,0.006223005903095321,0.009374427679890218,0.0011794170731116147,0.0001016997349060227,14.5,0.5505829450337649,0.5736211490030368,0.554130925061135,0.16093366093366085,0.06260593220338978,50.,116.28571428571429,1348.5714285714287
"PA",19.86749931620428,2.4938501738158325,0.006728633091631281,0.0008092381375180495,0.13013351313479424,0.006550070095065012,0.0008756206628090106,14.,0.11990301056298822,0.12026783545747756,0.12552411021259252,0.009360571753842332,0.03714256725907635,2228.,2258.714285714286,16896.285714285714
"PB",8.511756518710495,1.995137859082026,0.004863977551955767,0.0011106040936885277,0.0493226460107304,0.005794649541761402,0.00023990424299925333,13.,0.226642341888309,0.22833248752185598,0.23439790067964528,0.027730375426621157,0.0597965275447304,339.,334.85714285714283,8088.142857142857
"PE",2.838279755920217,1.35428062664621,0.03265133620959826,0.01558647178024287,0.019766412689652943,0.006964222835477452,0.0006453997863875276,12.,0.4769251835430296,0.4773609165698106,0.47714839378373036,0.020391517128874347,0.014593114569597686,1977.,1576.2857142857142,17009.
"PI",4.435395528479678,2.008808295703067,0.016114493955790624,0.007283556982903809,0.013864582800871125,0.0031258954724210333,0.00022342073574419641,15.,0.4495916025405647,0.451987943455495,0.4529039817992572,0.046481092436974764,0.054675475806148933,211.,272.,3805.5714285714284
"PR",11.048445437700439,7.6569634729172735,0.006370193841170433,0.004413442957686692,0.007441353213221313,0.0006735203839473469,0.00004740286240883623,15.5,0.6910974190638853,0.692827105065893,0.6930353700973656,0.04892601431980906,0.05179171332586791,342.,179.57142857142858,2551.4285714285716
"RJ",12.770597745166327,3.486289409397795,0.01163535454031382,0.0031647817725202277,0.057358786633751865,0.004491472347522822,0.0006673898184859165,13.,0.2712505077791305,0.27199702093777967,0.27299344000693754,0.020138059206159516,0.030799031094910105,5802.,5380.714285714285,36211.71428571428
"RN",8.848239047900378,3.054528399703881,0.0075179630845187626,0.002602054682518135,0.033275877146088186,0.0037607344202555543,0.00025016681598927253,15.,0.3434349739250511,0.34611165993570403,0.34521314163960093,0.042961608775137064,0.034993311443512115,285.,312.57142857142856,4698.857142857143
"RO",3.116290454576621,1.5510198021163948,0.01890428297854743,0.009374218251121894,0.021310287118567407,0.00683835073437101,0.00040285569804349234,15.,0.49438095044813496,0.4958780114410979,0.49771349132060166,0.038502961766289694,0.05749952414186918,66.,265.2857142857143,4503.142857142857
"RR",28.33785395489288,3.855831862135307,0.0016425994138168376,0.0002129982249363814,0.23678110434783087,0.008355646998701104,0.00038893650320465047,11.5,0.11832912122430797,0.1296714361059259,0.13606647378001432,0.05303678357570572,0.06717368798279841,84.,167.,3587.714285714286
"RS",6.268921157359611,3.5594497076573313,0.007801513088573075,0.004419440415116911,0.004636706693300159,0.0007396339141794343,0.00003617332795565557,15.,0.5657248071762371,0.5664850350107203,0.5677930250372658,0.029338327091136034,0.04841861033093172,340.,114.42857142857143,2339.714285714286
"SC",3.345823839057711,1.4800813463901534,0.005824607985641896,0.0026009542075411092,0.005205282618923982,0.0015557551351507953,0.00003031873070970759,18.,0.44203171440394023,0.44654579569177194,0.44236678844603805,0.06333333333333328,0.01721449915551519,159.,64.28571428571429,3298.714285714286
"SE",0.9834651314727869,0.901978319878483,0.02881586730548113,0.026568003351394625,0.006667743767873892,0.006779847657525612,0.00019213681964200282,10.,0.9162469663929572,0.9219921465400789,0.9171431614740896,0.10276679841897231,0.04053486418370202,104.,144.57142857142858,5101.428571428572
"SP",2.986443510224512,1.7901089254398932,0.028478033941287673,0.01705471996588348,0.012978207204385495,0.00434570657705487,0.0003695938252635543,15.,0.5985110175599009,0.598872801438635,0.5994116142867602,0.020813316947827062,0.0328457790480245,10442.,6393.571428571428,75176.
"TO",1.2594994278026361,0.8252794098947988,0.014781181182749648,0.009751196296274457,0.006400596858857539,0.0050818576948655145,0.00009460838184851155,14.,0.6539858848018674,0.6597034550699218,0.6552439736591291,0.08666666666666667,0.04058481854738611,87.,53.57142857142857,2877.5714285714284
